0.16862745098039217
0.1803921568627451
0.21176470588235294
0.22745098039215686
0.30196078431372547
0.2901960784313726
0.2823529411764706
0.2823529411764706
0.3058823529411765
0.28627450980392155
0.23137254901960785
0.16862745098039217
0.17647058823529413
0.24313725490196078
0.2196078431372549
0.27058823529411763
0.3137254901960784
0.30980392156862746
0.24705882352941178
0.3058823529411765
0.24705882352941178
0.28627450980392155
0.24313725490196078
0.33725490196078434
0.27450980392156865
0.29411764705882354
0.34509803921568627
0.3137254901960784
0.2196078431372549
0.27058823529411763
0.23921568627450981
0.3058823529411765
0.3333333333333333
0.28627450980392155
0.2196078431372549
0.23529411764705882
0.3137254901960784
0.3137254901960784
0.27450980392156865
0.3215686274509804
0.27058823529411763
0.2901960784313726
0.26666666666666666
0.32941176470588235
0.25098039215686274
0.2784313725490196
0.29411764705882354
0.2
0.2980392156862745
0.30196078431372547
0.22745098039215686
0.26666666666666666
0.29411764705882354
0.2549019607843137
0.3215686274509804
0.2980392156862745
0.2901960784313726
0.2901960784313726
0.3215686274509804
0.28627450980392155
0.2196078431372549
0.26666666666666666
0.3764705882352941
0.3137254901960784
0.21176470588235294
0.24313725490196078
0.28627450980392155
0.3176470588235294
0.2549019607843137
0.3176470588235294
0.30196078431372547
0.2784313725490196
0.28627450980392155
0.23921568627450981
0.3137254901960784
0.30980392156862746
0.28627450980392155
0.25098039215686274
0.3137254901960784
0.3137254901960784
0.2823529411764706
0.34509803921568627
0.2549019607843137
0.3137254901960784
0.26666666666666666
0.26666666666666666
0.23529411764705882
0.30980392156862746
0.27058823529411763
0.3137254901960784
0.25098039215686274
0.2627450980392157
0.3137254901960784
0.3568627450980392
0.25882352941176473
0.27450980392156865
0.24705882352941178
0.2980392156862745
0.2549019607843137
0.2980392156862745
0.3215686274509804
0.30980392156862746
0.22745098039215686
0.2784313725490196
0.29411764705882354
0.2784313725490196
0.2784313725490196
0.2901960784313726
0.3686274509803922
0.26666666666666666
0.30980392156862746
0.39215686274509803
0.24705882352941178
0.30980392156862746
0.3137254901960784
0.27058823529411763
0.24313725490196078
0.3215686274509804
0.27450980392156865
0.2901960784313726
0.28627450980392155
0.2823529411764706
0.27450980392156865
0.32941176470588235
0.25098039215686274
0.2823529411764706
0.29411764705882354
0.34509803921568627
0.3254901960784314
0.3568627450980392
0.2980392156862745
0.3176470588235294
0.32941176470588235
0.43137254901960786
0.3176470588235294
0.4117647058823529
0.34509803921568627
0.30980392156862746
0.3333333333333333
0.3568627450980392
0.3411764705882353
0.3607843137254902
0.3843137254901961
0.3843137254901961
0.4627450980392157
0.4980392156862745
0.47058823529411764
0.4392156862745098
0.4980392156862745
0.43529411764705883
0.41568627450980394
0.43137254901960786
0.47058823529411764
0.45098039215686275
0.4235294117647059
0.4588235294117647
0.38823529411764707
0.3843137254901961
0.34509803921568627
0.43529411764705883
0.5411764705882353
0.48627450980392156
0.4470588235294118
0.41568627450980394
0.4745098039215686
0.4235294117647059
0.4588235294117647
0.5098039215686274
0.40784313725490196
0.3843137254901961
0.4745098039215686
0.3411764705882353
0.5294117647058824
0.49411764705882355
0.40784313725490196
0.40784313725490196
0.45098039215686275
0.4745098039215686
0.4627450980392157
0.3686274509803922
0.4196078431372549
0.36470588235294116
0.5215686274509804
0.47843137254901963
