85633
83575
69278
64966
33491
41304
35135
32324
35095
35244
62725
113489
119572
49989
38058
32561
25319
29523
51015
32953
42762
31916
38093
31677
39093
30904
25676
32534
54124
33596
45951
32076
38977
34526
40534
37653
35039
29502
33862
36133
29088
34458
30335
28709
33136
31077
32126
42781
33457
37695
40440
31854
34883
39533
32431
29333
33495
33454
30228
24427
42378
40845
28468
27459
35167
38886
28062
32531
37086
30815
37293
36941
24160
39467
38339
26746
38126
41884
26281
28514
29758
30436
39054
32239
40124
34022
37897
32580
32942
29386
38522
33006
27330
22689
30045
35891
32039
28651
34248
34465
36958
30408
41472
45199
29142
26326
33182
32450
30729
32158
33108
26027
34612
33626
26040
38860
44128
24995
39147
26335
38971
38645
37147
30757
36418
47150
39430
35437
37704
34371
35934
34619
40432
26554
55672
36188
37673
40505
45963
54196
46484
46217
47977
50565
47888
56941
60163
57657
70352
55994
50559
68989
52363
101722
74614
59487
87773
91303
123011
80697
232737
74117
56333
61051
56881
63656
192044
74347
56687
49155
53832
52061
244026
74117
79770
48922
158731
64813
49303
37202
36442
42761
284491
63392
